League,Source,home_team,away_team,Home (%),Draw (%),Away (%)
La Liga,ud,Alaves,Real Valladolid,0.9205363543559739,0.05869699368358368,0.02076665196044244
La Liga,ud,Athletic Club,Espanyol,0.7757596013653778,0.18872622159825037,0.035514177036371906
La Liga,ud,Osasuna,Real Betis,0.8150095112751948,0.14617251791966968,0.03881797080513549
La Liga,ud,Girona,Real Sociedad,0.27604750979826126,0.539189121546259,0.18476336865547968
La Liga,ud,Celta Vigo,Real Madrid,0.3916266225683418,0.2635554878717353,0.34481788955992293
La Liga,ud,Mallorca,Rayo Vallecano,0.25949800761311437,0.3896980037386338,0.3508039886482518
La Liga,ud,Atletico Madrid,Leganes,0.7809745083582196,0.19157301091037054,0.027452480731409882
La Liga,ud,Villarreal,Getafe,0.7172468492428811,0.1446109973075397,0.13814215344957925
La Liga,ud,Barcelona,Sevilla,0.9565145228938051,0.0349542265046117,0.008531250601583116
La Liga,ud,Valencia,Las Palmas,0.7585247627786121,0.16414593982089648,0.07732929740049141
EPL,ud,Tottenham,West Ham,0.5296279669410958,0.2552454279198519,0.21512660513905232
EPL,ud,Fulham,Aston Villa,0.5245289575005386,0.18387649174102902,0.2915945507584324
EPL,ud,Ipswich,Everton,0.5885287106155684,0.18011953319133867,0.23135175619309303
EPL,ud,Manchester United,Brentford,0.21819200879742867,0.2832794445637009,0.4985285466388704
EPL,ud,Newcastle United,Brighton,0.5748421089514236,0.2012930209006784,0.22386487014789794
EPL,ud,Southampton,Leicester,0.09381711051134344,0.14124773507380828,0.7649351544148483
EPL,ud,Bournemouth,Arsenal,0.1996695008557473,0.24307723712397838,0.5572532620202744
EPL,ud,Wolverhampton Wanderers,Manchester City,0.008430657467287857,0.019554026644461264,0.9720153158882509
EPL,ud,Liverpool,Chelsea,0.3552078129435251,0.28958437411294985,0.355207812943525
EPL,ud,Nottingham Forest,Crystal Palace,0.3794334301769894,0.2979993118344069,0.3225672579886037
Bundesliga,ud,Borussia Dortmund,St. Pauli,0.7941529261550473,0.10311051357366532,0.10273656027128726
Bundesliga,ud,Bayer Leverkusen,Eintracht Frankfurt,0.33516358149089104,0.15714403961709425,0.5076923788920146
Bundesliga,ud,Hoffenheim,Bochum,0.656924991420679,0.13246882110401265,0.2106061874753085
Bundesliga,ud,Freiburg,Augsburg,0.998036807693515,0.001963192306485009,0.0
Bundesliga,ud,Mainz 05,RasenBallsport Leipzig,0.05984869517591747,0.15736346349500532,0.7827878413290772
Bundesliga,ud,Borussia M.Gladbach,FC Heidenheim,0.12796460306673083,0.11988913980693319,0.752146257126336
Bundesliga,ud,Bayern Munich,VfB Stuttgart,0.7723126943199148,0.13270262140602565,0.09498468427405954
Bundesliga,ud,Holstein Kiel,Union Berlin,0.18660094197063348,0.28518047610821556,0.5282185819211509
Bundesliga,ud,Wolfsburg,Werder Bremen,0.16726243018627057,0.12005542306694451,0.712682146746785
Serie A,ud,Como,Parma Calcio 1913,0.6316541546978625,0.15570668730704576,0.21263915799509192
Serie A,ud,Genoa,Bologna,0.20176169622671203,0.1763401457862301,0.6218981579870578
Serie A,ud,AC Milan,Udinese,0.9612973617114914,0.026589145337156506,0.012113492951352126
Serie A,ud,Juventus,Lazio,0.7525940160676063,0.1807663036427631,0.0666396802896305
Serie A,ud,Empoli,Napoli,0.0,1.0,0.0
Serie A,ud,Lecce,Fiorentina,0.2543965851864293,0.2167626256558419,0.5288407891577288
Serie A,ud,Venezia,Atalanta,0.6126519631102787,0.23088229267839427,0.15646574421132706
Serie A,ud,Cagliari,Torino,0.020975792752583815,0.06465141141688538,0.9143727958305308
Serie A,ud,Roma,Inter,0.6316541546978625,0.1557066873070457,0.21263915799509184
Serie A,ud,Verona,Monza,0.6329343272258939,0.18902394410800533,0.17804172866610068
Ligue 1,ud,Monaco,Lille,0.17344216715094854,0.29952741613255845,0.527030416716493
Ligue 1,ud,Brest,Rennes,0.9360518604384962,0.039920033551487454,0.024028106010016315
Ligue 1,ud,Saint-Etienne,Lens,0.38722890374610414,0.2646650573090815,0.3481060389448143
Ligue 1,ud,Paris Saint Germain,Strasbourg,0.9784109839613807,0.014406741544684371,0.007182274493934998
Ligue 1,ud,Le Havre,Lyon,0.38945458651919174,0.2210908269616166,0.3894545865191917
Ligue 1,ud,Auxerre,Reims,0.27270844540621547,0.16861185890231753,0.558679695691467
Ligue 1,ud,Toulouse,Angers,0.4841993220979314,0.2819086212318597,0.23389205667020885
Ligue 1,ud,Nantes,Nice,0.47661268675365676,0.21062211938142134,0.31276519386492196
Ligue 1,ud,Montpellier,Marseille,0.08592826117729652,0.08567756064002578,0.8283941781826778
Bundesliga_2,fbxg,Hertha BSC,Braunschweig,0.7426758449687565,0.1301808709701763,0.12714328406106712
Bundesliga_2,fbxg,Darmstadt 98,Köln,0.09621215892981479,0.11777563220379625,0.7860122088663889
Bundesliga_2,fbxg,Hannover 96,Schalke 04,0.9529392433329146,0.038120361767480654,0.008940394899604761
Bundesliga_2,fbxg,Jahn R'burg,Düsseldorf,0.004485100762535746,0.04073623536270707,0.9547786638747572
Bundesliga_2,fbxg,Preußen Münster,Elversberg,0.15529960747501534,0.18968081273986165,0.655019579785123
Bundesliga_2,fbxg,Kaiserslautern,Paderborn 07,0.29836212814024554,0.15132000347840271,0.5503178683813518
Bundesliga_2,fbxg,Ulm,Karlsruher,0.29033505347820965,0.16076761037079734,0.548897336150993
Bundesliga_2,fbxg,Greuther Fürth,Nürnberg,0.586231353098543,0.20226636687754562,0.21150228002391142
Bundesliga_2,fbxg,Hamburger SV,Magdeburg,0.324831054508458,0.18120765032884018,0.4939612951627018
Liga MX,fbxg,Pachuca,Guadalajara,0.4638702487814207,0.21760327674207253,0.3185264744765068
Liga MX,fbxg,Querétaro,Toluca,0.1481945522684936,0.3102212762139798,0.5415841715175266
Liga MX,fbxg,Atlas,Mazatlán,0.7980508863472998,0.2019491136527001,0.0
Liga MX,fbxg,Necaxa,Tijuana,0.9481146666662558,0.041064352491976076,0.010820980841768208
Liga MX,fbxg,Puebla,Cruz Azul,0.09519659225804754,0.09532418599426833,0.8094792217476843
Liga MX,fbxg,UNAM,Atlético,0.8581394010064585,0.10311111501382575,0.038749483979715775
Liga MX,fbxg,FC Juárez,León,0.5371538200847895,0.19445893762107724,0.26838724229413324
Liga MX,fbxg,América,Santos,0.8431229501040454,0.12037838914021194,0.03649866075574269
Liga MX,fbxg,Monterrey,UANL,0.06584942607823734,0.12223833166888237,0.8119122422528803
Primeira Liga,fbxg,Casa Pia,Nacional,0.42713352618902334,0.4314605247255383,0.14140594908543833
Primeira Liga,fbxg,Santa Clara,Gil Vicente FC,0.8039277393084681,0.14806383189585226,0.04800842879567975
Primeira Liga,fbxg,Estoril,Arouca,0.3736218045387989,0.3199136349922465,0.30646456046895465
Primeira Liga,fbxg,Boavista,Moreirense,0.0,0.18893996814798042,0.8110600318520196
Primeira Liga,fbxg,Famalicão,Sporting CP,0.08660692773006923,0.3455337767856729,0.567859295484258
Primeira Liga,fbxg,Braga,Farense,0.8646697228781959,0.1110482221511391,0.024282054970664966
Primeira Liga,fbxg,Benfica,Rio Ave,0.9984912003981592,0.0013820091979101098,0.00012679040393067647
Primeira Liga,fbxg,Estrela,Vitória,0.09996525127994943,0.21997308276280184,0.6800616659572487
Primeira Liga,fbxg,AVS Futebol,Porto,0.2850059088367718,0.48759210030331507,0.22740199085991314
Liga Argentina,fbxg,Barracas Central,Independiente Rivadavia,0.12511647295239758,0.31950672763220983,0.5553767994153925
Liga Argentina,fbxg,Banfield,Estudiantes,0.6207974164591942,0.2266742293911577,0.1525283541496482
Liga Argentina,fbxg,Defensa y Just,Rosario Central,0.39162212836085447,0.33586992640454716,0.27250794523459826
Liga Argentina,fbxg,Atlé Tucumán,Tigre,0.5061456278702653,0.25286760475007974,0.24098676737965488
Liga Argentina,fbxg,Belgrano,Platense,0.4924048755497116,0.2369428493292598,0.2706522751210286
Liga Argentina,fbxg,Sarmiento,Gimnasia–LP,0.3757635413365274,0.4044467423920935,0.21978971627137908
Liga Argentina,fbxg,Rosario Central,Banfield,0.7878289049205417,0.15850369934517364,0.05366739573428468
Liga Argentina,fbxg,Deportivo Riestra,Atlé Tucumán,0.6840689642886817,0.20825616020301474,0.10767487550830351
Liga Argentina,fbxg,Estudiantes,Instituto,0.48170717397736107,0.29524979602867374,0.22304302999396516
Liga Argentina,fbxg,Arg Juniors,Talleres,0.5865065548611669,0.2452896642166933,0.16820378092213986
Liga Argentina,fbxg,Cen. Córdoba–SdE,Independiente Rivadavia,0.5197950979063216,0.23859987232191296,0.24160502977176548
Liga Argentina,fbxg,Tigre,Boca Juniors,0.4208321872173388,0.23866518054040065,0.3405026322422605
Liga Argentina,fbxg,Lanús,Independiente,0.44487744539968227,0.3221809320209378,0.23294162257938003
Liga Argentina,fbxg,Unión,Huracán,0.4395575470917738,0.3980585675849071,0.1623838853233191
Brasileirao,fbxg,Atlético Mineiro,Grêmio,0.4896883828846273,0.2271804415869843,0.28313117552838846
Brasileirao,fbxg,Flamengo,Fluminense,0.708921797310981,0.19827650139651185,0.09280170129250719
Brasileirao,fbxg,Corinthians,Ath Paranaense,0.5694009521812746,0.2408516492351816,0.18974739858354372
Brasileirao,fbxg,São Paulo,Vasco da Gama,0.6996621870648512,0.19012687517269458,0.11021093776245422
Brasileirao,fbxg,Fortaleza,Atlético Mineiro,0.8111224155037179,0.12792294744739488,0.060954637048887254
Brasileirao,fbxg,Atl Goianiense,Cuiabá,0.39231509780322155,0.24447028042572605,0.3632146217710524
Brasileirao,fbxg,Botafogo (RJ),Criciúma,0.7902953883957896,0.12842465906459594,0.08127995253961454
Brasileirao,fbxg,Vitória,Red Bull Bragantino,0.4880603149715885,0.2346581958514657,0.2772814891769458
Brasileirao,fbxg,Internacional,Grêmio,0.6010341351028955,0.22011373052726851,0.17885213436983602
Brasileirao,fbxg,Cruzeiro,Bahia,0.7803472833480829,0.1317371517995496,0.0879155648523675
MLS,fbxg,Columbus Crew,NE Revolution,0.8716949676251191,0.07305805261078745,0.05524697976409347
MLS,fbxg,Vancouver W'caps,LAFC,0.4044571546624875,0.1910856906750251,0.4044571546624875
MLS,fbxg,Chicago Fire,Nashville SC,0.6119991468472641,0.19529001888323327,0.19271083426950258
MLS,fbxg,NY Red Bulls,Columbus Crew,0.312648995653028,0.19383192388919265,0.4935190804577793
MLS,fbxg,CF Montréal,NYCFC,0.4993999456332348,0.20293140886316835,0.29766864550359673
MLS,fbxg,Inter Miami,NE Revolution,0.913060580726499,0.052137207509582555,0.0348022117639185
MLS,fbxg,Philadelphia Union,FC Cincinnati,0.4207952782687411,0.1850033580002429,0.39420136373101605
MLS,fbxg,D.C. United,Charlotte,0.3877306370155617,0.19374711161440686,0.4185222513700314
MLS,fbxg,Orlando City,Atlanta Utd,0.6776178969948454,0.18722932261456898,0.13515278039058556
MLS,fbxg,Seattle Sounders FC,Portland Timbers,0.6924146447744871,0.15908192857588543,0.14850342664962748
MLS,fbxg,LAFC,SJ Earthquakes,0.9012723490601066,0.05734508487818803,0.041382566061705275
MLS,fbxg,Real Salt Lake,Vancouver W'caps,0.6002194199894734,0.16940573380895993,0.23037484620156679
MLS,fbxg,FC Dallas,Sporting KC,0.7814215941999361,0.11170269106478423,0.10687571473527985
MLS,fbxg,Minnesota Utd,St. Louis,0.6613141993506156,0.1415301252826159,0.19715567536676837
Premier W,fbxg,Arsenal,Chelsea,0.0,0.00152306813614537,0.9984769318638547
Premier W,fbxg,Manchester Utd,Tottenham,0.9966682532127558,0.0033317467872441705,0.0
Premier W,fbxg,Everton,West Ham,0.0,1.0,0.0
Premier W,fbxg,Aston Villa,Leicester City,0.39627203144872236,0.2074559371025552,0.39627203144872236
Premier W,fbxg,Crystal Palace,Brighton,0.0,1.0,0.0
Premier W,fbxg,Liverpool,Manchester City,0.39627203144872236,0.2074559371025552,0.39627203144872236
MLS W,fbxg,Red Stars,Gotham,0.19287683130326402,0.25151946412243886,0.5556037045742972
MLS W,fbxg,Thorns,Pride,0.18118309261419493,0.1956675741636266,0.6231493332221785
MLS W,fbxg,Courage,Angel City,0.814512132051825,0.12409246996024416,0.061395397987930755
MLS W,fbxg,Royals,Reign,0.41175895710988597,0.2560611578765371,0.3321798850135769
MLS W,fbxg,Spirit,Louisville,0.7759603240087793,0.12457353257348845,0.0994661434177322
MLS W,fbxg,Bay FC,Current,0.1590434728030681,0.18261149574266122,0.6583450314542707
MLS W,fbxg,Wave,Dash,0.7137364998355163,0.16237154302445003,0.12389195714003355
Spain W,fbxg,Eibar,Athletic Club,0.5561148055859746,0.232825718098377,0.2110594763156485
Spain W,fbxg,Valencia,Granada,0.639420138020204,0.15995019424368023,0.20062966773611582
Spain W,fbxg,Real Sociedad,Real Betis,0.864516129032258,0.13548387096774195,0.0
Spain W,fbxg,UDG Tenerife,Levante,0.2447982775812014,0.15156154699919236,0.6036401754196061
Spain W,fbxg,Dep La Coruña,Madrid CFF,0.8110600318520196,0.18893996814798042,0.0
Spain W,fbxg,Barcelona,Espanyol,0.9859878992446456,0.0109322642561351,0.0030798364992193185
Spain W,fbxg,Real Madrid,Atlético Madrid,0.0,1.0,0.0
Spain W,fbxg,Sevilla,Levante Planas,0.5447911188765258,0.20154983463260898,0.2536590464908653
Bundesliga W,fbxg,Leverkusen,Carl-Zeiss Jena,0.8200092977381982,0.11616830259405687,0.06382239966774482
Bundesliga W,fbxg,Turbine Potsdam,Essen,0.0,0.0011897715900885536,0.9988102284099115
Bundesliga W,fbxg,Werder Bremen,Leverkusen,0.026933373667137803,0.04878885422268585,0.9242777721101764
Bundesliga W,fbxg,Wolfsburg,Bayern Munich,0.0,0.019302653348857165,0.9806973466511428
Bundesliga W,fbxg,Köln,Hoffenheim,0.41023150444333173,0.17953699111333643,0.41023150444333173
Bundesliga W,fbxg,RB Leipzig,Carl-Zeiss Jena,0.9096545878805332,0.07467276598647447,0.015672646132992338
Peru,fbxg,Unión Comercio,Comerciantes Unidos,0.6102231925780712,0.16820345461332695,0.2215733528086018
Peru,fbxg,Cusco,CDC Santa Rosa,0.9155562132198081,0.060329740252656805,0.024114046527535238
Peru,fbxg,Sport Huancayo,Atlético Grau,0.5288650435830676,0.2750808981939257,0.19605405822300648
Peru,fbxg,Sport Boys,Melgar,0.39065432843690195,0.21007656471983846,0.39926910684325967
Peru,fbxg,UTC,Alianza Lima,0.29874339812871503,0.1971833694668498,0.504073232404435
Peru,fbxg,U César Vallejo,Cienciano,0.6196359191186039,0.20091056949685296,0.17945351138454305
Peru,fbxg,Alianza Atlético,Sporting Cristal,0.4644911319275733,0.22817555563315023,0.3073333124392765
Peru,fbxg,Deportivo Garcilaso,Mannucci,0.7421214454400611,0.15242075977140898,0.10545779478852986
Peru,fbxg,Universitario,Asociación Deportiva Tarma,0.9674310416582167,0.027672254058496663,0.004896704283286662
Ecuador,fbxg,Macará,Delfín,0.6756987852045969,0.24023875281918125,0.08406246197622189
Ecuador,fbxg,Independiente,Imbabura Sporting Club,0.9346766773855308,0.045802643940598665,0.019520678673870605
Ecuador,fbxg,Orense,Libertad FC,0.8495096454573695,0.10813203466973888,0.042358319872891674
Ecuador,fbxg,Técnico Univ.,LDU de Quito,0.5075426434698587,0.2245129967284556,0.26794435980168574
Ecuador,fbxg,Cumbayá FC,Univ Católica,0.2700820915174495,0.22548289060051907,0.5044350178820314
Ecuador,fbxg,Barcelona,CS Emelec,0.8137630473570969,0.13927745867277036,0.046959493970132674
Ecuador,fbxg,Delfín,El Nacional,0.30813611024980897,0.2924082951395178,0.3994555946106732
Ecuador,fbxg,SD Aucas,Macará,0.500349062485244,0.2175650622683774,0.28208587524637857
Paraguay,fbxg,Tacuary,Sport Luqueño,0.18041974662748853,0.1993105558126013,0.6202696975599102
Paraguay,fbxg,Guaraní,Sportivo Ameliano,0.4500513491194861,0.348049732115145,0.20189891876536903
Paraguay,fbxg,Olimpia,Sol de América,0.7652701837322702,0.1443155746662642,0.09041424160146555
Paraguay,fbxg,Sportivo Trinidense,Libertad,0.21539242101959424,0.22140013359318508,0.5632074453872207
Paraguay,fbxg,Cerro Porteño,Club General Caballero JLM,0.6620284303380177,0.21457153185963215,0.12340003780235013
Paraguay,fbxg,Nacional,2 de Mayo,0.4554197998950017,0.24997282745885108,0.2946073726461473
Uruguay,fbxg,Liverpool,Fénix,0.3632738603815068,0.26152789003002114,0.375198249588472
Uruguay,fbxg,Peñarol,Danubio,0.8252460588877641,0.14038506595494066,0.03436887515729523
Uruguay,fbxg,Cerro Largo,Nacional,0.1049279464807052,0.1357380003779568,0.7593340531413381
Uruguay,fbxg,Defensor,Boston River,0.5239513010550568,0.22703737981348254,0.24901131913146063
Uruguay,fbxg,Wanderers,River Plate,0.5946630585354324,0.22524890641304574,0.18008803505152182
Uruguay,fbxg,Miramar Misiones,Racing,0.28103655890210905,0.19397997933781483,0.5249834617600762
Uruguay,fbxg,Rampla Juniors,Cerro,0.6792441499822914,0.19577947278975813,0.12497637722795052
Chile,fbxg,Cobreloa,Deportes Copiapó,0.6212557821970606,0.18368095085634165,0.19506326694659776
Chile,fbxg,Everton,La Calera,0.6031328608103032,0.23624944812664764,0.1606176910630492
Chile,fbxg,Huachipato,Colo-Colo,0.16112489047856846,0.25146825466942374,0.5874068548520078
Chile,fbxg,La Calera,Colo-Colo,0.11563136613414217,0.17029759799022556,0.7140710358756324
Chile,fbxg,Coquimbo Unido,Cobresal,0.7433985598468903,0.15856795577257907,0.09803348438053061
Chile,fbxg,Palestino,Colo-Colo,0.35607752996780845,0.27113722263355755,0.37278524739863406
Chile,fbxg,O'Higgins,Ñublense,0.2258650744677556,0.21922365052762918,0.5549112750046151
Chile,fbxg,Iquique,Cobreloa,0.9323550676750494,0.0443098333612321,0.02333509896371854
Hungary,fbxg,Debrecen,Paks,0.5451413384170505,0.1642502605052764,0.29060840107767305
Hungary,fbxg,Diósgyőr,MTK Budapest,0.3050609992587342,0.28940699704371775,0.40553200369754805
Hungary,fbxg,Újpest,Nyíregyháza,0.8669131731843842,0.09246459030961167,0.040622236506004175
Hungary,fbxg,Kecskemét,Puskás,0.42296366321987416,0.24177936126668767,0.33525697551343814
Hungary,fbxg,Zalaegerszeg,Győr,0.515381984415721,0.29871201098153255,0.1859060046027466
Hungary,fbxg,Ferencváros,Vidi,0.973069624557264,0.022672519835043085,0.004257855607692971
Serbia,fbxg,FK Jedinstvo Ub,Vojvodina,0.02791549348489558,0.056756729714098245,0.9153277768010062
Serbia,fbxg,TSC Bačka Top,Radnički Kragujevac,0.5398256414600493,0.1943659230177653,0.26580843552218536
Serbia,fbxg,Čukarički,Napredak Kruš,0.7317474463611495,0.15008056110962265,0.11817199252922778
Serbia,fbxg,Mladost Lučani,FK IMT Novi Beograd,0.5925098191072125,0.16046513786611988,0.24702504302666758
Serbia,fbxg,OFK Beograd,Spartak Subotic,0.8455774635914147,0.08315253487124857,0.07127000153733676
Serbia,fbxg,Red Star,Radnički Niš,0.9692712930640959,0.021105030316486965,0.009623676619417243
Serbia,fbxg,Tekstilac Odžaci,FK Železničar Pančevo,0.38544502615174686,0.2291099476965063,0.38544502615174686
Serbia,fbxg,Novi Pazar,Partizan,0.2543965851864295,0.21676262565584187,0.5288407891577287
Turkey,fbxg,Kayserispor,Gaziantep FK,0.23351142828096033,0.15489888273832061,0.611589688980719
Turkey,fbxg,Trabzonspor,Başakşehir,0.45906095712995915,0.21465870333553275,0.32628033953450813
Turkey,fbxg,Antalyaspor,Galatasaray,0.06495080201808175,0.08758617496234758,0.8474630230195707
Turkey,fbxg,Eyüpspor,Göztepe,0.8116055026242063,0.10357523155926543,0.08481926581652831
Turkey,fbxg,Sivasspor,Hatayspor,0.47145422579410073,0.24118007164262026,0.28736570256327904
Turkey,fbxg,Beşiktaş,Konyaspor,0.8593724016115216,0.07518269365391117,0.06544490473456721
Turkey,fbxg,Samsunspor,Fenerbahçe,0.028972262935318235,0.060764800326407464,0.9102629367382743
Turkey,fbxg,Alanyaspor,Kasımpaşa,0.3833585586559074,0.32358248652071675,0.29305895482337585
Turkey,fbxg,BB Bodrumspor,Rizespor,0.8809769099221517,0.08130440250998214,0.03771868756786611
Poland,fbxg,Korona Kielce,Piast Gliwice,0.42114478319534426,0.2932135137802336,0.28564170302442204
Poland,fbxg,Lechia Gdańsk,Legia Warsaw,0.24608490878588443,0.2999835438262605,0.453931547387855
Poland,fbxg,Motor Lublin,Widzew Łódź,0.2786245554617208,0.2994495887097951,0.42192585582848413
Poland,fbxg,Zagłębie Lubin,Jagiellonia,0.6441357917495294,0.2065934065962849,0.14927080165418563
Poland,fbxg,Cracovia,Lech Poznań,0.21094715880933793,0.19903547588640708,0.5900173653042551
Poland,fbxg,Katowice,Śląsk Wrocław,0.7851389914904119,0.12858340869588586,0.08627759981370219
Poland,fbxg,Górnik Zabrze,Stal Mielec,0.7186368991485609,0.20625936683626533,0.07510373401517381
Poland,fbxg,RKS Raków,Pogoń Szczecin,0.8498668267687515,0.10884048129175553,0.04129269193949307
Poland,fbxg,Radomiak Radom,Puszcza Niepołomice,0.8040812264665647,0.1527009854833309,0.04321778805010447
Sweden,fbxg,Elfsborg,Häcken,0.8135425147581187,0.09869111353499349,0.0877663717068879
Sweden,fbxg,Västerås,Malmö,0.1106493839221465,0.1365729419995923,0.7527776740782612
Sweden,fbxg,Halmstad,Sirius,0.44683264225978025,0.23701265261104917,0.3161547051291706
Sweden,fbxg,Hammarby,Djurgården,0.5932465848248333,0.1900911217333574,0.21666229344180923
Sweden,fbxg,Kalmar,Mjällby,0.4068968459266565,0.21423769624546138,0.37886545782788217
Sweden,fbxg,GAIS,Värnamo,0.5255878569697158,0.2571469453479889,0.21726519768229527
Sweden,fbxg,Norrköping,Brommapojkarna,0.22363697425821993,0.1494766804528103,0.6268863452889697
Sweden,fbxg,Göteborg,AIK Stockholm,0.42513067807820976,0.23272429793834157,0.34214502398344865
Sweden,fbxg,Sirius,Hammarby,0.39826017583000867,0.21769335128608835,0.38404647288390303
Norway,fbxg,Molde,Sandefjord,0.8808570428608757,0.06735286695813421,0.05179009018099011
Norway,fbxg,Tromsø,Bodø/Glimt,0.2299832709950762,0.1766520828420781,0.5933646461628457
Norway,fbxg,Rosenborg,Brann,0.5509128062216977,0.18717064951051754,0.26191654426778477
Norway,fbxg,Kristiansund,Strømsgodset,0.6566502844480815,0.15927229735554982,0.18407741819636875
Norway,fbxg,HamKam,Sarpsborg 08,0.5858756380832529,0.180932426682892,0.23319193523385512
Norway,fbxg,Viking,Odd,0.8356444245361312,0.11529694175909423,0.04905863370477457
Norway,fbxg,KFUM Oslo,Haugesund,0.4547557917322084,0.20926672388465872,0.33597748438313285
Norway,fbxg,Fredrikstad,Lillestrøm,0.6613842640132497,0.1767432573672099,0.16187247861954043
Czechia,fbxg,Hradec Králové,Sigma Olomouc,0.6358370687888659,0.21070793556789877,0.15345499564323534
Czechia,fbxg,Dukla Prague,FK Pardubice,0.5134683880634969,0.19492076776776085,0.2916108441687423
Czechia,fbxg,Baník Ostrava,Viktoria Plzeň,0.6650418924977118,0.2513171176889728,0.08364098981331533
Czechia,fbxg,Sparta Prague,Slovan Liberec,0.4146890217756988,0.17062195644860245,0.4146890217756988
Czechia,fbxg,Bohemians 1905,Mladá Boleslav,0.2511198274230896,0.18057693682179335,0.568303235755117
Czechia,fbxg,Slovácko,Teplice,0.47691507135630956,0.45361193192841565,0.06947299671527483
Czechia,fbxg,Karviná,České Budĕjov.,0.7377338672600102,0.2188258144275251,0.043440318312464664
Czechia,fbxg,Jablonec,Slavia Prague,0.0,0.41686365825035127,0.5831363417496488
Croatia,fbxg,Lokomotiva,Rijeka,0.0,0.5488117704582414,0.4511882295417587
Croatia,fbxg,Šibenik,Osijek,0.5654005920796205,0.43459940792037943,0.0
Croatia,fbxg,Istra 1961,Dinamo Zagreb,0.45290947133370785,0.2225946190739021,0.3244959095923901
Croatia,fbxg,Slaven Belupo,Hajduk Split,0.3162827257201802,0.3674345485596397,0.3162827257201802
Croatia,fbxg,Varaždin,Gorica,0.7929826597621281,0.1760455290543069,0.030971811183564926
Croatia,fbxg,Slaven Belupo,Šibenik,0.8601482691964948,0.09458705209425725,0.04526467870924795
Japan,fbxg,Vissel Kobe,FC Tokyo,0.5889392754634021,0.189276184346772,0.22178454018982605
Japan,fbxg,Kawa Frontale,Gamba Osaka,0.48411184458094186,0.2653072391425011,0.2505809162765571
Japan,fbxg,Marinos,Albirex Niigata,0.6239575825789082,0.17361986560385936,0.2024225518172324
Japan,fbxg,Kashiwa Reysol,Machida Zelvia,0.11674668304370651,0.21794667761126782,0.6653066393450257
Japan,fbxg,Grampus,Consa Sapporo,0.7238693317868259,0.15998879082277467,0.11614187739039958
Japan,fbxg,Kashima Antlers,Avispa Fukuoka,0.47049275174590804,0.3082648901369631,0.2212423581171289
Japan,fbxg,Kyoto Sanga,Sagan Tosu,0.543450792214199,0.1753480502531839,0.28120115753261715
Japan,fbxg,Shonan Bellmare,Sanfrecce,0.19068744087549697,0.18603426488117875,0.6232782942433243
Japan,fbxg,Cerezo Osaka,Júbilo Iwata,0.653055235941342,0.16581618970230771,0.18112857435635032
Japan,fbxg,Tokyo Verdy,Urawa Reds,0.46968832120195236,0.22924378511958024,0.30106789367846737
Saudi,fbxg,Al-Khaleej,Al-Ahli,0.2581225218628555,0.6651486025980002,0.07672887553914427
Saudi,fbxg,Al-Hilal,Al-Fayha,0.7723126943199148,0.13270262140602565,0.09498468427405954
Saudi,fbxg,Al-Shabab,Al-Nassr,0.06292242043491941,0.15066757882407786,0.7864100007410028
Saudi,fbxg,Al-Raed,Al-Wehda,0.7135922588674516,0.17704476112081363,0.10936298001173476
Saudi,fbxg,Damac,Al-Taawoun,0.7747064688731404,0.17341708160121966,0.05187644952563985
Saudi,fbxg,Al-Ittihad,Al-Qadsiah,0.8233392755800875,0.11761361666061866,0.05904710775929393
Saudi,fbxg,Al-Fateh,Al Kholood Saudi Club,0.47925152412578625,0.23204376912144042,0.2887047067527733
Saudi,fbxg,Al Okhdood SC,Al-Riyadh SC,0.06410523754057515,0.12571811951259282,0.810176642946832
Saudi,fbxg,Al-Ettifaq,Al-Orobah,0.23389205667020888,0.2819086212318598,0.48419932209793143
Denmark W,fbxg,KoldingQ,Nordsjælland,0.045137356078367295,0.07011360944908775,0.8847490344725449
Denmark W,fbxg,Odense Q,HB Køge,0.6457831150096064,0.20632233132964403,0.14789455366074966
Denmark W,fbxg,Aarhus GF,B93 København,0.17546912108123472,0.17956008968419113,0.6449707892345742
Denmark W,fbxg,Hjørring,Brøndby,0.8760343155391782,0.07280436293448485,0.0511613215263368
Denmark W,fbxg,Brøndby,Aarhus GF,0.9186131670418841,0.06124307453232718,0.020143758425788808
Denmark W,fbxg,Odense Q,Nordsjælland,0.2887047067527733,0.23204376912144045,0.4792515241257863
